0.504300 0 23.001698 0.088031 1.273191 0.150058 -0.012353 0.030011 0.503084
0.582000 0 23.573937 0.090132 0.974346 0.273823 -0.025076 0.036691 0.580724
0.496000 0 22.960139 0.088110 -0.728837 0.102069 -0.099683 0.030305 0.494795
0.347000 0 22.398137 0.087263 -1.155110 0.112834 -0.040581 0.026679 0.345928
0.679000 0 24.078115 0.098356 0.618820 0.404295 -0.039380 0.067403 0.677662
0.612000 0 23.285241 0.092877 -1.161563 1.641345 -0.094943 0.049652 0.610712
0.868000 0 24.353678 0.106037 0.376409 0.348004 -0.063269 0.067817 0.866494
0.332000 0 21.861412 0.086437 0.650394 0.118542 -0.017577 0.023794 0.330932
0.800000 0 24.510389 0.101777 -1.056666 0.406837 -0.055975 0.064955 0.798566
0.449000 0 22.667126 0.091912 0.810113 0.232169 -0.085962 0.038205 0.449562
0.370900 0 22.273052 0.091326 0.569579 0.197845 -0.054463 0.033075 0.371443
0.291200 0 21.961068 0.093479 0.760688 0.172975 0.116118 0.035364 0.291718
0.355300 0 22.926619 0.087008 0.055758 0.192657 0.204749 0.029878 0.355820
0.460700 0 22.575127 0.095948 1.861682 0.565093 -0.043023 0.038208 0.461274
0.285000 0 21.256943 0.086683 0.937399 0.104658 -0.085197 0.023476 0.283610
0.634000 0 23.739180 0.093125 0.208542 0.330258 -0.050531 0.066776 0.632234
0.468000 0 23.789546 0.090350 0.376996 0.332539 0.122416 0.043376 0.466414
0.270000 0 21.058469 0.086242 1.150557 0.085414 -0.080120 0.023199 0.268624
0.949000 0 24.460375 0.115036 -0.095636 0.673245 0.056711 0.065385 0.946890
0.927000 0 24.705851 0.125384 0.863344 0.639964 -0.057529 0.071520 0.924917
0.695000 0 24.032070 0.100242 -1.763859 0.384538 -0.076797 0.085271 0.693165
0.627000 0 23.386939 0.091453 1.127890 0.183953 -0.042907 0.049556 0.625233
0.899000 0 24.333328 0.109618 1.454285 0.416048 -0.084188 0.064346 0.896944
0.610000 0 23.245350 0.090819 1.138023 0.183456 -0.098377 0.036013 0.608261
0.791000 0 24.222261 0.099608 0.784211 0.472461 -0.042547 0.065807 0.789054
0.580000 0 23.324299 0.090072 0.509293 0.312213 -0.036082 0.037889 0.578292
0.592000 0 23.431058 0.092935 1.001108 0.434531 0.011626 0.039609 0.590280
0.721000 0 23.898687 0.095665 0.391447 0.356584 -0.033571 0.066572 0.719626
0.211000 0 21.056779 0.085765 -1.236256 0.061648 -0.002674 0.025159 0.210032
0.768000 0 24.132026 0.096641 0.905821 0.243846 -0.118769 0.055806 0.766590
0.860000 0 24.246115 0.101579 0.728060 0.277044 0.047131 0.057566 0.858513
0.369000 0 22.156621 0.086082 0.788975 0.068129 -0.092073 0.022091 0.367904
0.560000 0 23.699983 0.089573 0.285130 0.191809 0.111683 0.035476 0.558746
0.850000 0 24.295329 0.100520 1.151184 0.275975 -0.054238 0.055401 0.848509
0.998000 0 24.617672 0.112483 1.273360 0.343306 -0.131063 0.051486 0.996390
0.778000 0 24.397768 0.098366 0.135220 0.286534 0.099259 0.070323 0.776594
0.584200 0 23.273246 0.090120 0.265156 0.158945 -0.104618 0.033952 0.582932
0.585000 0 23.335798 0.089495 0.218145 0.126028 -0.062764 0.029728 0.583743
0.798000 0 24.128917 0.098413 0.698641 0.263320 0.094253 0.062032 0.796552
0.590000 0 23.396414 0.091211 -0.066782 0.206670 -0.068922 0.033246 0.588721
0.915000 0 24.343967 0.104751 -0.044070 0.285862 -0.160738 0.052163 0.913473
0.770000 0 24.546176 0.097274 -0.334164 0.338880 0.085159 0.063616 0.768587
0.950000 0 24.677344 0.112213 0.182611 0.422231 0.041278 0.060796 0.948455
0.515000 0 23.572554 0.090087 0.985964 0.196013 0.102976 0.035785 0.513793
0.735000 0 23.985380 0.094433 -1.344550 0.222627 -0.116857 0.052643 0.733609
0.639000 0 24.012142 0.100758 -1.611068 0.377261 0.106744 0.082963 0.637701
0.767000 0 24.244208 0.096330 0.180928 0.273244 0.012060 0.053803 0.765588
0.436000 0 22.556493 0.087188 0.828369 0.210173 -0.057039 0.025846 0.434861
0.985000 0 24.760473 0.114131 0.594869 0.448702 -0.099334 0.059378 0.983407
0.585000 0 23.564276 0.091595 -0.442871 0.288839 -0.066413 0.033662 0.583743
0.702000 0 23.857842 0.094362 0.136556 0.296761 -0.011566 0.054476 0.700631
0.663400 0 24.072652 0.093186 0.445170 0.376768 0.084112 0.055869 0.662058
0.836000 0 24.337904 0.113632 -1.313788 1.141614 -0.090405 0.082993 0.838126
0.620000 0 23.581303 0.092366 -0.297309 0.570339 -0.043585 0.048332 0.621874
0.369000 0 22.462924 0.095747 -0.861569 0.218055 -0.014022 0.034607 0.370586
0.415000 0 22.546572 0.087194 0.385152 0.128111 -0.049753 0.027585 0.416632
0.357000 0 22.425017 0.086485 0.093895 0.101940 0.060514 0.025777 0.358570
0.450000 0 22.903257 0.088233 -1.587699 0.173130 0.028125 0.034468 0.451681
0.521000 0 23.329087 0.089115 1.140206 0.201606 0.018441 0.035678 0.522762
0.732000 0 24.211821 0.102900 -1.352031 0.412599 -0.140940 0.085790 0.733996
0.700000 0 24.226777 0.100028 -1.908278 0.419119 0.040580 0.085172 0.701965
0.740000 0 24.094212 0.103483 0.357631 0.400499 -0.201828 0.071427 0.742008
0.744100 0 23.855911 0.095641 0.789091 0.314259 -0.024482 0.052863 0.746118
0.348000 0 22.510167 0.089792 -1.796939 0.126086 0.084647 0.030212 0.349560
0.590000 0 23.386183 0.090444 1.581016 0.174200 0.022525 0.033803 0.591835
0.513000 0 23.776721 0.090306 1.541433 0.225388 0.155788 0.035460 0.514746
0.620000 0 23.784306 0.093091 -0.677025 0.195335 -0.027937 0.046320 0.620632
0.643000 0 23.786478 0.094148 -0.204658 0.205403 -0.027514 0.065250 0.643646
1.002000 0 25.039369 0.137310 0.671653 0.683790 -0.016458 0.075290 1.002795
0.470000 0 23.532383 0.087988 -2.069250 0.149804 0.105832 0.030240 0.470586
0.610000 0 23.559958 0.090588 -0.830682 0.148887 -0.118742 0.032813 0.610643
0.263000 0 21.666480 0.085550 -1.082884 0.084020 0.027124 0.023334 0.263487
0.357800 0 22.515607 0.086303 -0.386641 0.080806 0.079161 0.023414 0.358336
0.742000 0 24.096172 0.097111 -0.429804 0.362643 -0.040737 0.068580 0.742697
0.451000 0 23.241924 0.087828 -0.213624 0.112274 0.191395 0.029100 0.451556
0.910000 0 24.654449 0.112202 -0.449029 0.439178 -0.145757 0.058715 0.910752
0.552000 0 23.488130 0.089654 -0.573944 0.124075 0.073514 0.037143 0.552605
0.337000 0 21.966214 0.086047 1.231534 0.086007 -0.018647 0.022822 0.337534
0.750000 0 23.808932 0.099406 0.623562 0.308295 -0.030192 0.064184 0.750681
0.983000 0 24.982708 0.141880 -1.385938 0.567714 0.009485 0.079183 0.983777
0.822000 0 24.373493 0.100111 -0.556579 0.229796 -0.124503 0.058657 0.822697
0.813000 0 24.296809 0.099177 -0.268869 0.283790 -0.147072 0.056741 0.813696
0.950000 0 24.595947 0.112327 1.169760 0.445773 -0.137444 0.053817 0.950763
0.817000 0 24.272419 0.101608 1.189651 0.449516 -0.082973 0.057216 0.817732
0.340000 0 22.137345 0.085900 0.612333 0.087605 -0.003747 0.021528 0.340520
0.960000 0 24.586694 0.116274 0.200862 0.482331 0.026976 0.059622 0.960751
0.810000 0 24.233543 0.105587 -0.074816 0.490557 -0.014984 0.065642 0.810720
0.756000 0 24.054929 0.095935 -1.003254 0.276674 -0.246300 0.060008 0.756687
0.613000 0 24.015491 0.095195 -0.360563 0.402949 0.020341 0.042269 0.611252
0.880000 0 24.329232 0.103099 1.742402 0.435908 -0.112510 0.060316 0.877971
0.550000 0 23.336908 0.091450 0.648772 0.262356 0.101208 0.039144 0.548325
0.811000 0 24.395023 0.101626 -0.265832 0.320488 0.002784 0.062488 0.809032
1.031000 0 24.588830 0.124800 1.103181 0.423865 -0.141513 0.061134 1.028800
0.629000 0 23.512839 0.092195 0.953562 0.194099 -0.033942 0.050867 0.627239
0.424000 0 22.726347 0.088070 1.236716 0.138579 0.083147 0.026963 0.422452
0.936000 0 24.815885 0.126556 0.846145 0.644916 0.039429 0.084021 0.933900
0.703000 0 23.921414 0.094504 0.014891 0.235769 -0.107691 0.058748 0.701158
0.699000 0 23.589462 0.093324 0.976498 0.218386 -0.137669 0.052668 0.697164
0.687000 0 24.117729 0.098300 -0.865996 0.390089 -0.011201 0.073401 0.685179
0.769000 0 24.198308 0.101187 0.680717 0.449001 -0.173571 0.061478 0.767075
0.934000 0 24.398812 0.111047 0.318349 0.345144 -0.213713 0.052888 0.931901
0.866000 0 24.398482 0.103900 1.338030 0.416917 -0.006560 0.060395 0.863978
0.751000 0 23.830175 0.096075 0.936907 0.237321 0.032930 0.060213 0.749100
0.516000 0 22.880762 0.088897 1.531348 0.146971 -0.070064 0.029004 0.514353
0.470000 0 22.634969 0.087451 1.528124 0.121479 -0.062844 0.026993 0.468406
0.472000 0 23.758954 0.088446 0.448213 0.223756 0.153474 0.034825 0.470398
0.961000 0 24.773087 0.125337 -0.701676 0.393737 -0.199987 0.064323 0.958871
0.930000 0 24.759723 0.121275 0.086232 0.452249 -0.114189 0.069432 0.927909
0.842000 0 24.254281 0.101288 1.861994 0.369253 -0.013003 0.059913 0.840522
0.632000 0 23.700974 0.091576 -0.246796 0.203901 0.001443 0.042662 0.630699
0.564000 0 23.506645 0.090329 -0.148276 0.154372 -0.009066 0.031676 0.562751
0.617000 0 24.070744 0.092238 -0.094687 0.233678 0.108958 0.039039 0.615698
0.830000 0 24.361588 0.100853 2.292412 0.344330 -0.067245 0.057616 0.828528
0.566000 0 23.285141 0.089709 1.229575 0.223354 -0.021239 0.035307 0.564741
0.580000 0 23.278595 0.089343 0.650723 0.122195 -0.045401 0.030716 0.578745
0.559000 0 23.522028 0.090291 -0.594306 0.188030 0.000429 0.035409 0.557743
0.866000 0 24.277329 0.102986 0.231091 0.291511 -0.141676 0.059074 0.864497
0.737000 0 24.300208 0.096764 -1.464408 0.301676 -0.051696 0.066321 0.735608
0.860000 0 24.622355 0.106173 0.414445 0.446603 0.075253 0.074018 0.858507
0.263000 0 21.189797 0.087390 1.380255 0.120042 -0.010342 0.026024 0.261984
0.587000 0 24.087789 0.092677 1.097063 0.289914 0.147914 0.041531 0.585743
0.763000 0 24.040031 0.096723 0.177122 0.251313 -0.056950 0.052854 0.761580
0.490000 0 22.868484 0.088390 0.545038 0.136698 -0.068405 0.026726 0.488800
0.860000 0 24.427101 0.116450 1.158479 0.703275 -0.136633 0.080484 0.858516
0.690000 0 23.604428 0.092298 0.227770 0.256664 -0.107541 0.049745 0.688656
0.560000 0 24.148746 0.092898 0.658004 0.296028 0.133007 0.040958 0.558743
0.323000 0 21.993375 0.086121 -0.146918 0.085037 -0.039628 0.022341 0.324532
0.479000 0 22.671051 0.087736 1.123507 0.112202 -0.054059 0.024921 0.480704
0.184000 0 20.758955 0.085522 -0.075113 0.047645 0.001222 0.024163 0.185371
0.920000 0 24.664061 0.117413 -0.433873 0.621851 0.026835 0.094498 0.922221
0.680000 0 23.499419 0.094158 0.540880 0.258110 -0.150704 0.049795 0.681942
0.474000 0 22.715329 0.087947 -0.007188 0.123940 -0.104000 0.025243 0.475707
0.920000 0 24.380224 0.117626 -0.310684 0.475240 -0.138410 0.063435 0.922210
0.891000 0 24.576000 0.106138 1.324338 0.493157 -0.027739 0.063064 0.893183
0.427000 0 23.396803 0.089103 0.900599 0.192193 0.158626 0.029350 0.428646
0.630000 0 23.605938 0.097524 -0.930861 0.247161 0.078491 0.066536 0.631882
0.698000 0 24.456174 0.097048 -2.641811 0.470924 0.005752 0.069715 0.699960
0.734000 0 24.383943 0.104933 0.319916 0.466515 0.098840 0.070358 0.736007
0.574000 0 23.652601 0.091807 0.172239 0.270654 0.033631 0.036182 0.575823
0.417000 0 22.468950 0.087692 1.143228 0.164561 -0.013340 0.024927 0.418633
0.510000 0 22.907226 0.088554 1.237597 0.220903 -0.117279 0.028871 0.511746
0.534000 0 22.991731 0.091256 0.880642 0.270825 -0.055537 0.031684 0.535771
0.640000 0 23.677878 0.093291 -0.210581 0.215173 -0.103447 0.053736 0.641893
0.733000 0 24.000974 0.095665 0.836161 0.314847 -0.075547 0.057981 0.734996
0.350000 0 22.684908 0.086351 -0.674399 0.164303 0.037449 0.024663 0.351560
0.608000 0 23.927615 0.091831 0.148906 0.374618 0.064417 0.041705 0.609860
0.348000 0 22.228291 0.086821 -0.089736 0.138930 -0.074922 0.026093 0.349557
0.700000 0 23.957522 0.095463 0.509414 0.310934 -0.013323 0.051320 0.701969
0.353700 0 22.387222 0.088265 1.277236 0.186565 0.013757 0.025069 0.355261
0.981000 0 24.666688 0.114718 1.176787 0.467667 -0.035549 0.059010 0.983280
0.870000 0 24.426592 0.119167 -0.742621 0.582209 -0.196303 0.058288 0.872152
0.757000 0 24.106956 0.095560 1.512514 0.307273 -0.013177 0.052036 0.759030
0.924000 0 24.811277 0.111056 1.139028 0.646387 0.056398 0.068017 0.926220
0.643000 0 23.615300 0.098759 0.590653 0.420502 -0.062996 0.064740 0.643642
0.419000 0 22.938058 0.087595 -0.257956 0.174221 0.008142 0.027406 0.419569
0.515000 0 23.621090 0.106833 2.120426 0.582068 0.166871 0.044764 0.515587
0.890000 0 24.223935 0.103551 -0.725251 0.457209 -0.206887 0.051676 0.890729
0.805000 0 23.903235 0.097210 0.668773 0.463263 -0.161241 0.049141 0.805696
0.480000 0 22.948758 0.088055 -0.207015 0.126228 -0.029175 0.024904 0.480568
0.800000 0 24.207672 0.098997 0.087341 0.274795 0.120557 0.065251 0.800697
0.580000 0 23.516572 0.098350 -0.457982 0.398139 -0.061699 0.047651 0.580604
0.715000 0 23.992197 0.096706 -0.806348 0.294016 -0.064355 0.064403 0.715652
0.805000 0 24.393736 0.106396 -0.185837 0.394181 0.089062 0.066152 0.805695
0.766000 0 24.298577 0.103932 0.502459 0.423441 -0.002723 0.065520 0.766684
0.664000 0 23.512551 0.094448 0.557724 0.208037 -0.175195 0.050254 0.664638
0.901000 0 24.408439 0.111342 0.902173 0.388812 -0.154347 0.059355 0.901736
0.745000 0 23.919586 0.094967 0.939225 0.232407 -0.063082 0.052368 0.745665
0.718000 0 23.723680 0.094949 -0.614033 0.183743 -0.137754 0.051663 0.718680
0.736000 0 23.691578 0.093659 0.773664 0.180437 -0.131975 0.047852 0.736690
0.579000 0 23.295137 0.089310 1.488510 0.207857 0.001938 0.028752 0.579600
0.370000 0 22.629370 0.086626 -0.892539 0.121406 0.049040 0.023221 0.370531
0.960000 0 24.718789 0.112338 0.377544 0.314425 -0.159049 0.051350 0.960740
0.850000 0 24.140236 0.098855 1.278161 0.234665 -0.144534 0.049809 0.850729
0.648000 0 23.974975 0.092708 -0.449789 0.196487 0.056579 0.049995 0.648640
0.219000 0 20.852122 0.085341 0.698942 0.062624 -0.039907 0.024042 0.219462
0.936000 0 24.494384 0.108686 -0.191832 0.301264 -0.103022 0.052953 0.936755
0.647000 0 23.898505 0.091930 0.310288 0.183447 0.032706 0.050872 0.647639
0.461000 0 22.975035 0.087413 -0.747912 0.107943 -0.046199 0.024734 0.461564
0.600000 0 23.845284 0.094433 0.178065 0.345707 0.105799 0.040740 0.600603
0.670000 0 24.064257 0.095777 0.570670 0.473683 0.054159 0.055451 0.670654
0.760000 0 24.031872 0.094664 -0.119797 0.292142 -0.041340 0.051904 0.760698
0.246000 0 21.505670 0.086206 -0.683772 0.170341 -0.000463 0.025963 0.246492
0.470000 0 23.023421 0.088704 -1.668401 0.155811 -0.078211 0.032265 0.470573
0.169000 0 20.293205 0.088415 -1.463743 0.193091 -0.143152 0.030099 0.169455
0.499000 0 23.102539 0.088758 0.144823 0.232835 -0.025937 0.031365 0.497379
0.640000 0 23.888138 0.097915 0.488591 0.478357 0.096406 0.061210 0.638234
0.509000 0 23.559122 0.089015 0.884552 0.179518 0.167894 0.030865 0.507371
0.537000 0 22.871803 0.088730 0.907857 0.131158 -0.145357 0.028590 0.535327
0.589000 0 23.613598 0.091452 0.086435 0.236262 -0.005707 0.041163 0.587285
0.775000 0 24.049363 0.098805 1.040135 0.389928 -0.140416 0.065557 0.773081
0.701000 0 24.107325 0.094894 0.169319 0.296571 0.059883 0.057492 0.699166
0.372000 0 22.212225 0.086476 0.253822 0.070247 -0.065948 0.022602 0.370511
0.763000 0 24.081977 0.095850 1.042996 0.245294 -0.017217 0.057979 0.761089
0.701000 0 23.733171 0.094016 0.688169 0.268968 -0.122010 0.055575 0.699169
0.790000 0 23.975847 0.096033 1.395798 0.212281 -0.109284 0.050060 0.788060
0.375000 0 22.144613 0.086768 -0.833093 0.104207 -0.129299 0.025202 0.373513
0.407000 0 22.801779 0.086962 -0.988887 0.107135 -0.047526 0.024506 0.405478
0.855000 0 24.432760 0.101921 0.333205 0.339532 -0.008102 0.062133 0.852994
0.810000 0 24.608413 0.101592 -0.414682 0.390111 -0.126427 0.065808 0.808048
0.605000 0 23.829442 0.092267 -1.558373 0.210171 -0.066074 0.036937 0.603272
0.585000 0 23.712643 0.090793 0.226659 0.175164 -0.025602 0.036104 0.583290
0.536000 0 23.294733 0.090128 0.262525 0.177940 0.069733 0.031743 0.534335
0.722000 0 24.235443 0.098164 -1.101731 0.288537 -0.027446 0.063891 0.720140
0.402000 0 22.587347 0.087548 -0.725286 0.122213 -0.004662 0.025908 0.400485
0.839000 0 24.189244 0.100539 0.282605 0.271115 -0.157870 0.057629 0.837004
0.373000 0 22.438189 0.086225 -0.700921 0.088176 -0.051433 0.022657 0.371508
0.808000 0 24.465540 0.105158 0.028914 0.462087 0.037161 0.068619 0.806041
0.842000 0 24.190851 0.103903 1.229904 0.773653 0.069868 0.073415 0.840005
0.499000 0 23.276559 0.089131 0.470647 0.277475 0.005322 0.032227 0.500728
0.531000 0 23.313086 0.089870 1.277665 0.353956 0.048672 0.032195 0.532765
0.532000 0 23.454678 0.094730 -0.552437 0.326856 0.081612 0.050044 0.533766
0.930000 0 24.775178 0.130385 0.258122 0.959484 0.023043 0.093479 0.932229
0.820000 0 24.189188 0.104677 2.000361 0.923527 -0.005164 0.076366 0.822103
0.552000 0 23.411247 0.091857 0.012383 0.398176 -0.031799 0.038150 0.553797
0.124000 0 19.752286 0.085713 -0.356571 0.055126 -0.019485 0.024631 0.125298
0.840000 0 24.283047 0.112024 1.261243 0.690285 -0.059406 0.072925 0.842123
0.442000 0 22.994747 0.091594 -1.632468 0.247572 -0.014060 0.038694 0.443668
0.727000 0 23.946563 0.099419 -0.794668 0.406687 -0.106786 0.067278 0.727675
0.683000 0 24.054688 0.115261 0.691964 0.632202 -0.000385 0.084790 0.683659
0.442000 0 22.663818 0.087090 1.153024 0.164206 -0.026193 0.023283 0.442548
0.726000 0 23.896775 0.094974 0.614699 0.477428 -0.072211 0.052768 0.726679
0.282000 0 22.151638 0.085709 0.087556 0.095000 0.089097 0.022381 0.282510
0.404000 0 22.602742 0.086483 -0.385357 0.081308 -0.069037 0.022827 0.404549
0.519000 0 22.873755 0.088502 0.770182 0.109068 -0.141498 0.027412 0.519611
0.690000 0 24.378431 0.095502 -0.153659 0.359416 0.177029 0.061598 0.690652
1.060000 0 24.707870 0.132013 -0.952679 0.412773 -0.158207 0.061030 1.060801
0.576000 0 23.456685 0.090075 -1.366428 0.152155 -0.075657 0.034312 0.576612
0.268000 0 21.711856 0.085550 -0.071623 0.054189 0.048305 0.022113 0.268489
0.720000 0 23.914145 0.098773 0.235317 0.339848 -0.070767 0.065944 0.720680
0.250000 0 21.864224 0.086012 -0.526912 0.095929 0.115106 0.025679 0.250498
0.760000 0 23.906693 0.101218 0.551439 0.692364 -0.129210 0.082143 0.760691
0.700000 0 23.730103 0.101565 0.678618 0.413274 -0.097992 0.072346 0.698167
0.552000 0 23.219524 0.089299 0.768518 0.177065 -0.042555 0.030271 0.550315
0.732000 0 23.905124 0.096543 0.681549 0.261367 0.012517 0.061642 0.730128
0.850000 0 24.196452 0.110575 1.752165 0.570617 -0.109364 0.062192 0.847985
1.000000 0 24.529085 0.115855 1.176753 0.387348 -0.086682 0.053789 0.997826
0.437000 0 22.524456 0.086944 -0.395993 0.094666 -0.046795 0.023301 0.435446
0.411000 0 22.557433 0.086547 0.430851 0.095496 -0.037409 0.022021 0.409470
0.303000 0 21.442454 0.086081 0.519102 0.063186 -0.161920 0.021672 0.301590
1.300000 0 25.691231 0.128055 0.664323 0.357559 0.009896 0.036862 1.299106
1.020000 0 24.965297 0.118836 0.305488 0.291649 -0.103800 0.060285 1.020807
0.839000 0 24.362709 0.112754 -0.081640 0.330694 -0.019546 0.039680 0.839734
1.120000 0 25.147113 0.121686 0.620453 0.307485 -0.075491 0.053200 1.120850
1.230000 0 26.046776 0.128558 -0.077374 0.690464 0.087011 0.048271 1.230892
0.975000 0 24.886143 0.118033 1.716480 0.295354 -0.004609 0.043876 0.974230
0.970000 0 25.020075 0.118744 -0.102710 0.629553 -0.218154 0.106505 0.970782
0.065330 0 18.347945 0.112975 -1.201799 0.187010 0.010060 0.025413 0.064229
0.129760 0 20.336945 0.115931 -2.528617 0.199976 0.050506 0.036779 0.129030
0.104180 0 19.156988 0.114221 -0.005434 0.280897 -0.087410 0.026896 0.102890
0.045420 0 17.531728 0.114860 -0.952693 0.402381 0.056678 0.024892 0.044130
0.114000 0 19.114133 0.112246 1.733698 0.520618 -0.072351 0.026351 0.113040
0.257640 0 21.537919 0.124820 -0.623265 0.675408 -0.026817 0.051918 0.256110
0.381900 0 22.200281 0.138121 -1.510288 0.872760 -0.205532 0.085154 0.380260
0.146800 0 20.283420 0.113737 -1.607355 0.675537 0.075146 0.032765 0.145470
0.090200 0 19.115082 0.112510 -0.547524 0.078724 0.048945 0.022754 0.088890
0.262000 0 21.218177 0.120435 -0.959241 0.447847 -0.118798 0.048622 0.260590
0.079950 0 19.149702 0.117766 -0.561485 0.260778 0.096243 0.029550 0.078910
0.084310 0 19.386270 0.115125 -1.832076 0.188047 0.036206 0.026776 0.083040
0.166950 0 20.412042 0.118455 -1.018684 0.298736 0.037459 0.034757 0.165650
0.169400 0 20.174020 0.116716 -0.580103 0.345009 -0.061756 0.031989 0.168170
0.172000 0 20.781976 0.114853 -1.918197 0.297270 0.040563 0.034813 0.170630
0.171670 0 20.134725 0.112043 0.860171 0.200447 -0.089735 0.023235 0.170280
0.121700 0 20.209823 0.113463 -0.303464 0.200030 0.140894 0.027658 0.120440
0.278000 0 21.365495 0.126014 0.207633 0.834884 -0.041301 0.050506 0.276530
0.233000 0 21.098958 0.118789 0.772132 0.519462 0.034830 0.038889 0.231600
0.307000 0 21.588074 0.145900 -1.955498 0.844199 -0.057713 0.072093 0.305690
0.081000 0 19.019822 0.112109 -0.069349 0.084661 0.070049 0.021196 0.079970
0.175000 0 20.351422 0.118918 0.026059 0.324204 0.014706 0.032635 0.174150
0.139700 0 19.897068 0.116765 -0.558040 0.378518 -0.064004 0.032084 0.138680
0.147170 0 20.061964 0.117074 1.887311 0.404985 0.021652 0.032489 0.146070
0.082660 0 18.915623 0.111814 -0.331500 0.061082 -0.005329 0.020434 0.081330
0.235240 0 20.793051 0.115605 1.184623 0.581392 -0.091515 0.036030 0.233800
0.258000 0 21.306745 0.125870 0.115968 0.663312 -0.080959 0.048539 0.256550
0.247000 0 21.151867 0.115338 0.070492 0.488739 -0.048348 0.038411 0.245620
0.127000 0 19.890210 0.157613 -0.332265 0.314750 -0.012297 0.043939 0.125930
0.225000 0 21.236545 0.116800 0.742038 0.297371 0.028844 0.035915 0.223510
0.104000 0 19.206141 0.113322 1.419043 0.145956 -0.023293 0.023002 0.102640
0.121000 0 19.578968 0.112171 -0.014339 0.128144 -0.067870 0.022157 0.119670
0.182000 0 20.674320 0.118342 -0.137419 0.468702 0.052129 0.034215 0.180550
0.198530 0 20.348239 0.116183 0.949020 0.275205 -0.144736 0.028227 0.197090
0.230630 0 21.093432 0.122097 0.392184 0.389836 -0.013385 0.043343 0.229160
0.266030 0 21.535410 0.119638 0.347212 0.787464 -0.021876 0.046516 0.264510
0.104670 0 19.373517 0.111598 -1.412953 0.069418 -0.056782 0.020707 0.103370
0.366000 0 22.299562 0.131873 0.659810 0.838318 -0.101528 0.060234 0.364410
0.207000 0 20.662469 0.113718 0.258670 0.243737 0.007696 0.029325 0.205600
0.180660 0 21.151747 0.120493 0.479896 0.537821 0.092962 0.039262 0.179810
0.201000 0 20.849845 0.115206 1.115009 0.309760 0.017693 0.033020 0.199590
0.157630 0 20.298025 0.113012 1.040064 0.162748 0.087963 0.026774 0.156530
0.163000 0 20.328307 0.120879 1.786215 0.373604 0.019766 0.034148 0.161800
0.211000 0 21.864970 0.131221 -0.977679 0.560278 0.259538 0.057176 0.209530
0.243000 0 21.801057 0.122422 -0.200116 0.625570 0.138533 0.046327 0.241790
0.237370 0 21.461512 0.117789 -1.553624 0.441449 -0.095193 0.040556 0.236460
0.228000 0 21.068080 0.115846 -0.245891 0.365672 -0.040327 0.036470 0.226680
0.298260 0 21.381850 0.117785 0.079305 0.535094 -0.095522 0.041829 0.296780
0.210000 0 20.762042 0.114386 1.026478 0.283831 -0.031055 0.032116 0.208520
0.252000 0 21.936242 0.119872 -1.339461 0.584310 0.082437 0.047361 0.251040
0.251600 0 20.967243 0.116581 1.161118 0.378980 -0.147913 0.037575 0.250120
0.119090 0 19.052211 0.111960 0.789563 0.095852 -0.101397 0.021570 0.117710
0.221000 0 20.855502 0.115514 1.253108 0.342124 -0.040277 0.035174 0.219710
0.150400 0 19.972155 0.112283 1.116862 0.164507 -0.026876 0.023147 0.149010
0.289000 0 21.262819 0.118845 1.098936 0.429190 -0.166608 0.042413 0.287420
0.145000 0 19.837994 0.111766 0.789492 0.115818 -0.018978 0.022019 0.143600
0.330000 0 21.644732 0.134054 1.180448 0.621330 -0.018399 0.053650 0.328370
0.247700 0 21.075270 0.114566 0.624852 0.246427 -0.078392 0.034754 0.246250
0.121000 0 20.319989 0.113363 0.742978 0.166311 0.166043 0.027230 0.119660
0.330000 0 22.190461 0.136536 -0.707675 0.819169 -0.100206 0.069498 0.328380
0.216400 0 21.433042 0.120494 -0.316436 0.387780 -0.021846 0.045550 0.215130
0.146000 0 20.466614 0.114439 -1.922932 0.195002 0.037870 0.031511 0.144780
0.133000 0 20.147341 0.112393 0.248082 0.143225 -0.000855 0.024455 0.132430
0.211500 0 20.480731 0.114470 1.125219 0.266073 -0.058471 0.031877 0.210820
0.205400 0 20.912346 0.114245 -0.339599 0.173027 -0.032535 0.031921 0.203990
0.281000 0 21.349608 0.121901 0.694248 0.461519 -0.030169 0.042765 0.279520
0.045390 0 17.546294 0.113705 -0.162447 0.047432 0.090515 0.023033 0.044280
0.181070 0 20.228837 0.112763 -0.308780 0.169404 -0.068514 0.025585 0.180370
0.262000 0 21.261083 0.117389 1.298349 0.380957 -0.080943 0.042088 0.260700
0.057830 0 17.780075 0.122398 0.864354 0.782043 0.028353 0.032176 0.056540
0.214000 0 21.246133 0.116607 0.141351 0.293878 0.014187 0.039132 0.212600
0.371000 0 22.210028 0.131466 -1.192797 0.603467 -0.220851 0.051095 0.369410
0.174900 0 20.452267 0.112491 -0.745633 0.179967 -0.097808 0.025504 0.173860
0.144000 0 19.708683 0.112226 0.594179 0.118823 -0.094830 0.023600 0.142650
0.179000 0 20.152610 0.112906 0.289199 0.167229 -0.106929 0.026245 0.177890
0.330000 0 21.823069 0.124052 -0.040964 0.547480 -0.029396 0.048258 0.328370
0.255000 0 21.384596 0.123692 -1.039765 0.378598 -0.171954 0.049646 0.253510
0.301100 0 21.706687 0.119386 -0.087397 0.420307 0.032811 0.044618 0.300010
0.107220 0 19.370566 0.112285 -0.672680 0.092627 0.021313 0.022405 0.105890
0.224700 0 20.941812 0.115872 0.633837 0.287959 -0.044898 0.036059 0.223280
0.119000 0 19.436663 0.111824 1.290990 0.111951 -0.046502 0.021557 0.118450
0.177100 0 20.178782 0.112560 0.224801 0.139585 -0.117703 0.025137 0.176530
0.184000 0 20.867304 0.115225 1.015744 0.332625 0.072977 0.032474 0.182800
0.299000 0 21.845816 0.131068 -2.484990 0.545017 -0.058957 0.057611 0.297620
0.198280 0 20.684448 0.114008 -0.774077 0.222962 -0.070545 0.031567 0.196990
0.154300 0 19.761456 0.111718 1.067798 0.146912 -0.133296 0.021892 0.152950
0.249540 0 21.203185 0.117491 -0.284969 0.307134 -0.053995 0.041325 0.248500
0.139200 0 19.659001 0.111860 0.680037 0.143794 -0.078535 0.022334 0.138180
0.208500 0 21.801005 0.117479 -1.245704 0.453680 0.094327 0.040301 0.207040
0.216000 0 20.730053 0.114437 1.114217 0.263445 -0.024767 0.032008 0.214680
0.307000 0 21.733825 0.127264 -0.084184 0.592276 -0.086541 0.056384 0.306320
0.248000 0 21.056951 0.114812 -0.146222 0.372589 -0.154043 0.035755 0.246950
0.199430 0 20.948974 0.115064 -1.339491 0.278284 0.011075 0.034057 0.198010
0.224000 0 21.024295 0.115270 0.685016 0.287151 -0.032572 0.037334 0.222560
0.136300 0 20.461573 0.113196 0.900230 0.203830 0.127760 0.027496 0.135080
0.212000 0 20.791873 0.114240 0.419532 0.264210 -0.014647 0.032773 0.210540
0.274000 0 21.161073 0.114210 1.423274 0.314104 -0.072993 0.034771 0.272580
0.248000 0 20.665733 0.114128 -0.338697 0.200401 -0.138562 0.033038 0.246600
0.222100 0 21.520886 0.119891 -2.264612 0.353956 0.085193 0.048488 0.220680
0.276000 0 21.436954 0.118156 -0.707454 0.476230 -0.049484 0.045061 0.274470
0.178000 0 20.504592 0.113446 0.829711 0.230693 -0.036910 0.027501 0.176560
0.312000 0 21.860479 0.122790 0.212271 0.705383 -0.033941 0.049518 0.310880
0.185370 0 20.641715 0.112927 0.174788 0.255855 -0.043682 0.026039 0.184350
0.159890 0 19.907795 0.111983 0.971182 0.165340 -0.006110 0.022705 0.159350
0.221100 0 20.943822 0.114935 -0.088272 0.258088 -0.067736 0.034762 0.219760
0.253000 0 21.586693 0.118220 -0.623735 0.491254 0.065746 0.042554 0.252050
0.181910 0 20.192003 0.112167 1.560538 0.180585 -0.041282 0.023888 0.181220
0.175000 0 20.549280 0.114314 1.150037 0.253016 -0.024265 0.028594 0.173730
0.382100 0 21.980928 0.125480 -1.212778 0.758937 -0.090551 0.060549 0.380470
0.180000 0 20.359333 0.113319 -0.162051 0.207846 -0.100206 0.026104 0.178650
0.247000 0 21.326555 0.120181 -1.061965 0.391983 0.027935 0.046676 0.245680
0.210410 0 20.592027 0.115699 0.801260 0.260652 -0.067945 0.033460 0.209100
0.251000 0 21.852696 0.131353 2.337170 0.726209 0.205582 0.057909 0.249470
0.135000 0 19.607858 0.111798 0.882983 0.104330 -0.059231 0.022270 0.133920
0.178000 0 20.736464 0.113873 -0.296321 0.205496 0.025339 0.030116 0.177060
0.282000 0 21.439311 0.117530 0.314981 0.404869 -0.044998 0.044132 0.281110
0.175020 0 21.032398 0.122163 -1.453750 0.357753 0.113585 0.043923 0.173830
0.198000 0 21.017687 0.117701 -0.343601 0.301808 0.004228 0.037156 0.196540
0.365000 0 22.059517 0.127982 -0.048590 0.701920 -0.171360 0.055876 0.363970
0.380000 0 22.421908 0.135103 -0.960604 0.712176 -0.250149 0.060550 0.378350
0.317600 0 21.846724 0.121555 -2.281762 0.560543 -0.146321 0.049708 0.316460
0.184000 0 20.272733 0.114206 0.879572 0.228368 -0.038487 0.027067 0.183220
0.242000 0 21.005963 0.116005 0.328735 0.264211 -0.140847 0.037003 0.241020
0.203000 0 20.556408 0.117009 0.781434 0.308151 -0.064131 0.035853 0.202030
0.170000 0 20.889914 0.116161 -2.457456 0.260674 0.015791 0.036647 0.168690
0.199000 0 20.774797 0.114551 0.030200 0.255743 -0.040623 0.029762 0.197940
0.124000 0 19.617670 0.112478 -0.346980 0.126820 -0.038204 0.023745 0.122760
0.204000 0 20.758955 0.114994 -0.819482 0.239931 -0.108570 0.033663 0.203180
0.128770 0 20.104432 0.113191 0.878535 0.217333 0.156630 0.026638 0.127390
0.277000 0 21.533317 0.127184 0.275684 0.624905 -0.016258 0.053694 0.275490
0.146000 0 20.257201 0.112388 0.723179 0.185303 -0.006892 0.024196 0.144680
0.336000 0 21.862025 0.132618 1.029207 0.735059 -0.063637 0.055995 0.334360
0.196950 0 20.704275 0.113084 2.030525 0.369443 0.023292 0.026103 0.195800
0.195000 0 21.065011 0.117691 -0.393434 0.350479 0.051510 0.037507 0.193920
0.251200 0 21.020950 0.120462 -0.628986 0.364023 -0.150136 0.047564 0.249730
0.150000 0 19.970319 0.112448 0.508881 0.286742 -0.097611 0.024792 0.148600
0.157000 0 20.146078 0.112725 0.344199 0.222938 -0.032000 0.024798 0.155960
0.097000 0 19.773444 0.112716 -2.309599 0.224051 0.069933 0.025445 0.095820
0.152000 0 20.403921 0.113842 -2.565430 0.550751 -0.008622 0.031343 0.150650
0.310940 0 22.130926 0.137464 -1.964016 0.625845 0.004445 0.070422 0.309330
0.250000 0 21.127943 0.115731 0.279927 0.429849 -0.096848 0.038360 0.248570
0.367000 0 22.136490 0.137024 -0.145799 0.829010 -0.111398 0.068462 0.365540
0.119080 0 20.039870 0.113079 -1.540003 0.224010 0.075020 0.027652 0.117710
0.193000 0 20.740998 0.114367 -0.018646 0.551403 -0.026411 0.031850 0.191760
0.184000 0 20.473840 0.114391 -0.873266 0.510227 -0.073170 0.032312 0.182550
0.236100 0 21.130073 0.116813 -1.345527 0.544367 -0.090072 0.043795 0.234720
0.248000 0 20.845774 0.115433 0.273411 0.849504 -0.141815 0.039512 0.246470
0.290000 0 20.859757 0.116661 -0.872064 0.779949 -0.186671 0.042448 0.288450
0.211000 0 20.739132 0.115465 -1.073325 0.867789 -0.148416 0.041364 0.209600
0.193200 0 20.466522 0.114573 -0.792727 0.603726 -0.097090 0.032471 0.191980
0.115100 0 19.173326 0.113460 -0.191925 0.593399 -0.085850 0.027195 0.114020
0.115000 0 19.719269 0.113093 1.053347 0.621248 0.039734 0.029796 0.113890
0.200000 0 20.519882 0.124264 -0.443610 0.714551 -0.075727 0.045945 0.198800
0.222000 0 20.764062 0.138465 0.524838 1.379829 -0.051257 0.050845 0.220580
0.184000 0 20.598590 0.115147 0.503374 0.302924 -0.039676 0.032445 0.182570
0.160270 0 19.937950 0.145393 -0.384727 0.342960 -0.141622 0.041138 0.158950
0.079440 0 19.240437 0.113854 0.642723 0.148902 0.111359 0.024312 0.078490
0.140000 0 19.983006 0.119461 0.836869 0.362615 -0.068099 0.029302 0.138640
0.181360 0 20.579248 0.117616 0.282892 0.417374 0.015433 0.037024 0.180790
0.179000 0 20.428083 0.114576 -0.760469 0.402479 -0.084884 0.031246 0.177570
0.172000 0 20.557070 0.115012 1.820322 0.283743 0.150278 0.031415 0.170660
0.235000 0 20.863174 0.118911 1.013494 0.666082 -0.070271 0.042764 0.233810
0.072750 0 18.172291 0.157968 -1.466919 0.368053 -0.121433 0.057874 0.071530
0.156000 0 19.970376 0.171500 -0.196987 0.420496 -0.122244 0.065854 0.154630
0.091000 0 18.818896 0.124187 0.316969 0.210491 0.027279 0.032557 0.090100
0.178000 0 20.397033 0.163500 1.957731 0.536123 -0.136685 0.077192 0.176580
0.130980 0 19.653248 0.147057 -0.839375 0.287151 -0.198044 0.050477 0.130450
0.182860 0 20.680621 0.115898 -0.237165 0.267541 0.036489 0.033755 0.182040
0.257090 0 21.318433 0.119755 -0.075475 0.430044 -0.006613 0.042745 0.256170
0.139290 0 19.554935 0.112284 0.567102 0.165926 -0.095614 0.022655 0.138110
0.172000 0 20.780026 0.115438 1.130390 0.371505 0.058277 0.032568 0.170700
0.218000 0 20.709521 0.115124 0.901730 0.253993 -0.108869 0.034709 0.216740
0.247000 0 21.091966 0.116206 0.081440 0.566752 0.052687 0.040525 0.245550
0.144730 0 20.045510 0.111949 0.911414 0.123176 0.037728 0.022481 0.143820
0.250000 0 21.302566 0.117120 1.242872 0.405157 0.000278 0.041987 0.248620
0.146430 0 20.060753 0.119235 0.715631 0.440708 0.014894 0.037671 0.145330
0.136900 0 20.059419 0.113673 -0.347675 0.145355 0.060305 0.026647 0.135880
0.060000 0 17.862299 0.114585 1.071379 0.120922 -0.050084 0.025517 0.058740
0.037070 0 17.320514 0.115396 -0.728272 0.077428 0.060325 0.022264 0.036520
0.279000 0 21.739047 0.136665 0.247627 0.692367 -0.186998 0.060528 0.277490
0.206400 0 21.182310 0.131465 -0.677573 0.479734 -0.017143 0.054168 0.205150
0.282000 0 21.478247 0.122739 1.522800 0.426695 0.030003 0.041139 0.280510
0.200000 0 20.490040 0.114249 1.031546 0.297419 -0.097533 0.026766 0.198670
0.161000 0 20.410888 0.113136 -0.149097 0.157928 0.006164 0.026663 0.159990
0.212000 0 21.022641 0.116152 1.120316 0.320101 -0.030671 0.038450 0.210750
0.072670 0 18.984126 0.112772 -0.923587 0.108898 0.181137 0.025980 0.071950
0.239000 0 20.859375 0.116252 0.664166 0.280440 -0.124117 0.036740 0.237820
0.142600 0 20.083504 0.113002 1.153668 0.317399 0.030808 0.025736 0.141390
0.156410 0 20.385861 0.118308 -0.605778 0.244877 -0.052008 0.033517 0.155060
0.371500 0 21.893176 0.138604 -0.647918 0.649742 -0.195436 0.063142 0.370130
0.095000 0 19.176568 0.113740 -1.123374 0.129980 -0.085483 0.025315 0.093910
0.119820 0 20.541778 0.127194 -2.724252 0.288071 0.255113 0.047959 0.118630
0.155000 0 20.240999 0.115274 0.159760 0.219868 -0.043411 0.028313 0.153630
0.255000 0 21.278008 0.120869 0.392895 0.368987 -0.055306 0.044017 0.253560
0.108500 0 19.337775 0.111743 0.163568 0.125517 0.066199 0.020874 0.107250
0.130970 0 19.866162 0.113841 -1.623610 0.175057 -0.086675 0.028141 0.129610
0.268000 0 21.322503 0.120817 0.941316 0.405739 -0.043687 0.045963 0.266650
0.213000 0 21.093299 0.115112 -0.176160 0.240624 0.031420 0.033372 0.212260
0.279000 0 21.278193 0.117336 1.315670 0.410743 -0.088149 0.039231 0.278220
0.246000 0 20.753569 0.114389 1.112899 0.263746 -0.108783 0.034045 0.245400
0.135000 0 20.091364 0.113865 0.915935 0.181596 0.062187 0.027935 0.133620
0.178000 0 20.912797 0.113509 -2.079275 0.215555 -0.046418 0.029501 0.176560
0.114930 0 19.674591 0.111953 -0.734703 0.132844 0.060165 0.022187 0.113680
0.322000 0 22.008300 0.128160 -0.256202 0.881585 -0.021879 0.056960 0.320380
0.114000 0 19.405852 0.112009 0.885448 0.116191 -0.043361 0.021931 0.112710
0.107260 0 19.224685 0.111682 0.749838 0.119928 -0.002746 0.021180 0.106020
0.393000 0 22.096499 0.148848 0.144953 0.849228 -0.134777 0.070013 0.391350
0.157000 0 20.174029 0.111931 -0.034977 0.125853 0.024848 0.022343 0.155750
0.188000 0 21.077159 0.114334 -1.441241 0.373975 0.065591 0.032761 0.186670
0.198000 0 20.998833 0.118689 -0.446422 0.294152 -0.030251 0.037405 0.196710
0.193000 0 21.201846 0.114568 0.145971 0.430633 0.035637 0.031868 0.191910
0.192000 0 20.425403 0.112617 0.947789 0.197600 -0.045704 0.024894 0.190840
0.177000 0 20.591414 0.113139 0.470167 0.241505 -0.012245 0.026980 0.176250
0.129000 0 19.747603 0.112485 -1.172856 0.179369 -0.076940 0.024079 0.128370
0.123190 0 19.509318 0.111830 0.757721 0.109313 -0.013286 0.021901 0.122620
0.127830 0 19.700776 0.111895 0.247941 0.143765 -0.027883 0.022132 0.127150
0.214000 0 21.240608 0.117876 -0.590113 0.377161 0.113055 0.040001 0.213230
0.220000 0 20.966724 0.114762 -0.943963 0.213801 -0.048746 0.034043 0.218610
0.270000 0 21.597167 0.118128 0.138984 0.489273 -0.048331 0.042096 0.268560
0.206000 0 20.719102 0.115117 -0.639717 0.226971 -0.111895 0.035023 0.204660
0.268000 0 21.206503 0.116111 0.323447 0.313376 -0.097382 0.037311 0.267100
0.219000 0 21.084988 0.119340 1.079449 0.390063 0.085294 0.040022 0.217570
0.243000 0 20.841931 0.114848 1.302288 0.271810 -0.118980 0.035621 0.241850
0.295000 0 21.355269 0.120303 0.469262 0.540037 -0.006881 0.045438 0.293500
0.355000 0 21.770897 0.125157 0.552070 0.768177 -0.065751 0.055276 0.353460
0.187000 0 20.773682 0.114490 -0.170077 0.214237 0.045482 0.029797 0.185630
0.287000 0 21.594277 0.119195 1.352452 0.599831 -0.064859 0.043817 0.285430
0.196000 0 20.367563 0.113760 1.179644 0.199894 0.010582 0.028084 0.194940
0.076880 0 18.228158 0.112389 1.204471 0.103122 -0.103885 0.021594 0.075920
0.164700 0 20.518238 0.114386 -0.753250 0.213083 0.056574 0.031240 0.163570
0.258700 0 21.465617 0.121726 0.432319 0.549482 0.007859 0.050475 0.257210
0.221000 0 21.280787 0.119543 -1.621070 0.436163 0.079536 0.045823 0.219550
0.177000 0 20.292843 0.113152 1.224646 0.237110 -0.038586 0.024891 0.175580
0.228000 0 21.438720 0.118938 -1.549530 0.369021 0.033312 0.043363 0.226670
0.154030 0 20.209017 0.113617 0.894088 0.205982 0.036376 0.026613 0.153220
0.211600 0 21.643220 0.128931 -1.604310 0.465290 0.130620 0.056057 0.210250
0.123000 0 19.946008 0.112462 -0.835084 0.136685 -0.021891 0.023909 0.121640
0.292000 0 21.541949 0.121220 0.639978 0.498773 -0.044330 0.045916 0.291350
0.296000 0 22.400726 0.140875 1.173093 0.944335 0.172962 0.071432 0.294480
0.165490 0 20.243770 0.113442 0.151960 0.190744 -0.023369 0.026682 0.164550
0.308000 0 21.831913 0.126631 0.153977 0.525367 -0.044536 0.052497 0.307020
0.200000 0 20.711318 0.116081 -0.007405 0.254101 -0.084476 0.035302 0.198630
0.269000 0 21.593672 0.121714 -1.095858 0.456154 -0.072910 0.049063 0.268210
0.403000 0 21.991848 0.134806 0.174516 0.891196 -0.104570 0.061380 0.401280
0.137900 0 20.268803 0.113428 -0.228704 0.199062 0.093699 0.028261 0.136680
0.296980 0 22.241585 0.134209 -2.427288 0.683233 0.045528 0.070610 0.295420
0.293000 0 21.507747 0.124168 1.181291 0.550491 -0.005108 0.045722 0.291920
0.091400 0 18.477718 0.111899 0.284478 0.193639 -0.146258 0.021065 0.090070
0.207000 0 20.820147 0.114899 0.082692 0.339194 -0.059073 0.034230 0.205570
0.147000 0 19.800673 0.112189 1.044495 0.206385 -0.004648 0.024568 0.145820
0.119000 0 19.195923 0.111671 0.743346 0.185080 -0.126086 0.021509 0.117670
0.056030 0 18.010876 0.112893 -1.889117 0.175788 -0.035121 0.023429 0.054990
0.175240 0 20.509960 0.113041 0.046786 0.248222 0.016788 0.026578 0.174200
0.246000 0 21.379199 0.119541 -1.313715 0.332900 -0.086373 0.045524 0.244950
0.226000 0 21.145906 0.122907 0.273495 0.525565 -0.080933 0.045811 0.224520
0.247000 0 21.379054 0.118174 0.725208 0.490817 0.060682 0.043805 0.245580
0.285000 0 21.246461 0.118366 0.704019 0.624506 -0.110345 0.043852 0.283510
0.182000 0 20.906870 0.117002 -0.682083 0.491864 0.021693 0.038640 0.180560
0.105240 0 19.260480 0.112416 0.849269 0.180935 0.055639 0.023801 0.103910
0.131000 0 20.554137 0.113865 0.129042 0.276748 0.154984 0.029650 0.129610
0.244900 0 20.934675 0.113403 -0.240940 0.208485 -0.162186 0.031615 0.243520
0.333000 0 22.047888 0.135299 -0.983242 0.719073 -0.113775 0.067189 0.331360
0.245000 0 21.412380 0.118064 -0.029582 0.581620 0.009035 0.044236 0.243480
0.316000 0 21.289082 0.118861 0.849074 0.676796 -0.091687 0.040369 0.314680
0.220000 0 20.772595 0.114630 0.204476 0.593762 -0.096868 0.033335 0.218650
0.261600 0 21.301262 0.122802 1.392157 0.544855 -0.105855 0.048195 0.260140
0.284000 0 21.510915 0.117470 -1.291340 0.514908 -0.149793 0.046241 0.282430
0.302000 0 21.668758 0.125866 -0.602476 0.897103 0.045499 0.054593 0.300410
0.153000 0 19.681123 0.112035 0.506889 0.140311 -0.129527 0.022797 0.151860
0.265000 0 21.267444 0.116240 -1.685348 0.524114 -0.110520 0.043312 0.263570
0.215000 0 21.110632 0.117610 0.569210 0.818147 0.034751 0.041357 0.213820
0.164000 0 20.750876 0.114429 -1.192480 0.513315 0.023929 0.031743 0.162840
0.125000 0 19.953688 0.113068 0.657385 0.428774 0.044204 0.029080 0.124400
0.196000 0 20.622004 0.114454 0.160993 0.493563 0.034235 0.032158 0.194650
0.207000 0 20.612992 0.114345 -0.457773 0.440030 -0.122373 0.033026 0.205540
0.107960 0 19.481026 0.112607 -0.106927 0.203469 -0.004350 0.023623 0.106670
0.189000 0 21.111734 0.118492 -0.570147 0.691649 0.148525 0.045453 0.187720
0.165000 0 20.274432 0.113522 -1.407804 0.375679 -0.105729 0.029747 0.163870
0.291000 0 21.340912 0.116557 -0.094057 0.757082 -0.124339 0.039348 0.290210
0.095100 0 18.639465 0.112725 1.271886 0.195787 -0.110820 0.021591 0.094010
0.229000 0 21.000868 0.115650 -0.793564 0.516124 -0.087660 0.040546 0.227860
0.108560 0 19.591919 0.112402 0.014210 0.281369 0.032201 0.023906 0.107510
0.312000 0 21.379309 0.124489 1.245043 0.754123 -0.095517 0.050719 0.310650
0.147000 0 20.358304 0.114307 0.819513 0.373183 0.013295 0.031111 0.145640
0.089160 0 18.825522 0.112907 -0.319465 0.240419 -0.051292 0.024085 0.087840
0.149720 0 19.741298 0.113780 -0.845450 0.331799 -0.155197 0.028537 0.148390
0.288000 0 21.604938 0.119780 0.477722 0.547855 -0.121457 0.042874 0.286620
0.124070 0 19.555089 0.129766 -1.341157 0.599431 -0.079528 0.030004 0.122810
0.188000 0 20.476939 0.121972 0.132373 0.869815 -0.025413 0.052755 0.186550
0.129960 0 19.928783 0.113756 -1.682693 0.334942 -0.031848 0.029831 0.128930
0.194900 0 20.982429 0.116840 0.350420 0.360628 0.071594 0.035381 0.194220
0.148000 0 19.597186 0.111944 0.675888 0.123132 -0.181409 0.021900 0.148000
0.213200 0 21.774529 0.124547 -1.880375 0.548188 0.045110 0.056508 0.211790
0.180500 0 20.567619 0.113572 0.279554 0.208947 0.030383 0.027749 0.179620
0.265000 0 21.149878 0.115945 0.989702 0.318116 -0.171197 0.039792 0.263490
0.193000 0 20.644093 0.114217 0.395729 0.285398 -0.086867 0.028737 0.192150
0.340000 0 21.773378 0.129777 1.761054 0.686843 -0.076670 0.052461 0.338800
0.118130 0 19.784621 0.112518 -0.082681 0.115449 0.039633 0.024351 0.117410
0.143700 0 19.815354 0.112072 0.863284 0.133479 -0.049019 0.022843 0.143100
0.161490 0 20.253587 0.114045 1.391688 0.194496 0.080520 0.027945 0.160350
0.290300 0 21.563138 0.124095 -0.761709 0.519355 -0.110724 0.052871 0.288720
0.124200 0 19.970954 0.119632 -0.872609 0.235871 0.056872 0.034899 0.123030
0.265400 0 21.371914 0.117962 0.531823 0.420164 -0.028570 0.046620 0.264050
0.126600 0 20.042918 0.113495 -0.969154 0.139594 0.106470 0.027845 0.126080
0.175000 0 20.242601 0.112831 0.120044 0.188612 -0.049739 0.023767 0.173740
0.165600 0 20.259822 0.113060 0.522789 0.188015 0.005950 0.024492 0.164400
0.251100 0 21.547293 0.118164 1.618942 0.367097 0.005047 0.039292 0.249610
0.161100 0 20.351465 0.113095 -0.522200 0.181355 0.020834 0.025368 0.159990
0.245100 0 20.797565 0.115275 1.038449 0.300885 -0.080192 0.035082 0.244480
0.250000 0 20.952989 0.116195 0.650834 0.314030 -0.054933 0.037681 0.248510
0.230400 0 20.806588 0.115979 0.906222 0.268322 -0.090738 0.035860 0.228930
0.086420 0 18.765187 0.111932 -0.145167 0.070607 -0.043103 0.020381 0.085280
0.062820 0 18.039954 0.112357 1.183262 0.076543 0.041002 0.023476 0.062818
0.278600 0 21.898888 0.128283 -1.042665 0.574214 -0.012101 0.060472 0.277450
0.277000 0 21.521059 0.119548 0.798040 0.508894 0.002380 0.043726 0.275440
0.332000 0 21.962505 0.125680 0.244648 0.636658 -0.056394 0.054148 0.330510
0.363000 0 22.096096 0.132910 0.320107 0.770082 -0.062616 0.053996 0.361930
0.332400 0 22.092013 0.136212 0.953409 0.714429 0.090984 0.057670 0.331030
0.161900 0 20.359590 0.113217 -0.229365 0.149789 0.016122 0.026871 0.160500
0.300900 0 21.702057 0.128841 0.260674 0.553428 -0.031138 0.055162 0.300210
0.117000 0 19.462745 0.111949 1.193505 0.134314 -0.015778 0.021982 0.116350
0.219700 0 21.161023 0.114544 -0.079904 0.271502 0.022297 0.032779 0.218290
0.121000 0 19.648787 0.111976 0.253433 0.097167 0.005345 0.022042 0.119670
0.156100 0 19.866725 0.111655 1.893060 0.198242 -0.048817 0.021886 0.154730
0.179500 0 20.910170 0.117139 0.040834 0.391185 -0.027909 0.036095 0.178100
0.251700 0 21.337855 0.115791 1.417706 0.338083 -0.029844 0.035006 0.250370
0.253000 0 21.405599 0.115824 -0.217638 0.302475 -0.008766 0.035540 0.251740
0.130800 0 20.117060 0.112137 0.678679 0.106993 0.146762 0.022919 0.129530
0.310800 0 21.575751 0.120483 0.392813 0.509665 -0.142283 0.041928 0.309290
0.279600 0 21.447891 0.118155 -0.186487 0.424537 -0.121945 0.041095 0.278520
0.187000 0 20.479366 0.114889 0.746501 0.260368 -0.061663 0.028712 0.185810
0.067070 0 18.639629 0.112612 -0.420885 0.107591 0.108184 0.024844 0.066510
0.259500 0 21.525113 0.117106 0.454670 0.633542 0.035530 0.043116 0.258000
0.300100 0 21.522329 0.124118 0.359245 0.712788 -0.150995 0.051156 0.298880
0.272000 0 21.678524 0.118685 -1.948230 0.770704 -0.061742 0.048034 0.270440
0.280700 0 21.551471 0.119480 -1.519650 0.540099 -0.017038 0.045760 0.279160
0.294400 0 21.783514 0.119196 0.575567 0.658029 0.031440 0.046484 0.292870
0.190800 0 20.949871 0.113593 -0.537570 0.376780 0.068414 0.028831 0.189650
0.267000 0 20.925675 0.114629 -0.091383 0.362529 -0.194032 0.037190 0.265760
0.124490 0 19.608770 0.111795 0.118662 0.130092 -0.003543 0.021630 0.123760
0.184000 0 20.273166 0.112208 0.809261 0.210841 -0.105454 0.023744 0.182550
0.057420 0 17.716443 0.112867 1.053691 0.089969 -0.029476 0.023607 0.056340
0.314000 0 21.594837 0.118305 0.720911 0.598824 -0.088234 0.044329 0.312880
0.310600 0 21.797035 0.122358 -0.673205 0.833007 -0.139232 0.048378 0.309150
0.202000 0 20.954698 0.120729 -1.767055 0.372534 -0.030617 0.042850 0.200610
0.328000 0 21.644769 0.119030 0.908728 0.762098 -0.073040 0.042455 0.326400
0.213000 0 20.830920 0.114069 0.076743 0.234763 -0.019791 0.032398 0.211630
0.181000 0 20.567027 0.113497 0.027587 0.307512 -0.021299 0.028689 0.179690
0.304000 0 22.054900 0.118973 -0.477103 0.601368 0.011421 0.044087 0.302400
0.110600 0 19.474150 0.112096 -1.914343 0.157266 -0.094807 0.023847 0.109240
0.086520 0 18.716573 0.128423 -0.471485 0.186235 -0.087112 0.034741 0.085220
0.203700 0 20.782139 0.117808 0.722312 0.380665 -0.020602 0.039008 0.202310
0.127800 0 19.808548 0.118731 1.401317 0.317076 0.071402 0.032365 0.126490
0.216000 0 20.885350 0.114262 -0.182983 0.278254 -0.098014 0.033065 0.214570
0.322000 0 21.537605 0.117246 0.677100 0.578872 -0.169811 0.040338 0.320450
0.219000 0 21.098936 0.116348 0.501492 0.366635 -0.002655 0.037180 0.218350
0.191400 0 20.632628 0.114249 1.125919 0.267088 -0.038817 0.030249 0.190100
0.093490 0 18.939486 0.122156 0.664571 0.266135 -0.024865 0.031639 0.092430
0.381200 0 21.922589 0.118539 1.316854 0.633038 -0.102540 0.042774 0.379860
0.212400 0 21.203520 0.115658 0.087929 0.382167 0.120136 0.035488 0.211340
0.259300 0 21.619985 0.119891 0.243598 0.475086 0.040716 0.047080 0.258330
0.184700 0 21.108509 0.117564 -0.656771 0.327805 0.160219 0.037567 0.183270
0.214400 0 20.819745 0.121443 0.751948 0.462652 -0.023337 0.041456 0.212950
0.117800 0 19.419454 0.113022 -0.020801 0.160846 -0.066413 0.023433 0.116510
0.145300 0 19.969519 0.114616 0.872358 0.254959 0.001493 0.028422 0.144010
0.254000 0 21.349051 0.126796 0.872317 0.593678 0.015949 0.051057 0.252490
0.256900 0 21.432154 0.130119 -0.361202 0.567166 -0.021164 0.058401 0.255390
0.218400 0 21.069215 0.124622 -1.395764 0.369500 -0.141924 0.055821 0.216980
1.265000 0 25.735598 0.128614 0.286816 0.559546 0.021062 0.047718 1.265901
0.935000 0 24.481915 0.119916 0.055963 0.289916 -0.025416 0.058862 0.935774
0.050300 0 17.762489 0.139446 -2.269742 0.112065 -0.048814 0.044286 0.049519
0.030664 0 16.239518 0.143169 0.475440 0.175158 -0.045540 0.030056 0.030325
0.075000 0 18.465664 0.141947 -0.709402 0.155132 -0.022194 0.053595 0.074579
0.025000 0 16.317246 0.148276 0.112905 0.308000 0.125874 0.052069 0.025198
0.014615 0 14.476032 0.156643 -0.166851 0.084194 -0.108162 0.026736 0.014411
0.020200 0 15.116795 0.146830 0.735701 0.090316 -0.110033 0.026485 0.020792
0.035200 0 16.754961 0.144650 -0.463869 0.120276 -0.046527 0.045142 0.035218
0.045000 0 17.625150 0.141016 -0.011400 0.152304 0.047159 0.045519 0.041657
0.043700 0 17.347518 0.142756 -1.713906 0.088216 -0.045202 0.046268 0.042400
0.018509 0 15.783958 0.149087 -2.013646 0.066258 -0.042856 0.029151 0.018902
0.079300 0 18.314101 0.138584 -0.955278 0.125006 -0.100756 0.049759 0.078840
0.063700 0 18.292783 0.141293 -0.175634 0.134453 -0.031870 0.048377 0.063345
0.025401 0 16.067616 0.144083 0.743997 0.393970 -0.093472 0.043337 0.027637
0.049000 0 17.841201 0.140167 -0.829836 0.144957 0.059604 0.047162 0.049325
0.069000 0 18.445046 0.146379 -0.438577 0.293983 0.016127 0.056545 0.070153
0.024207 0 16.695978 0.145547 -2.160571 0.067065 0.110692 0.029151 0.023909
0.051000 0 17.645061 0.139575 -0.706018 0.091601 -0.080940 0.044527 0.053126
0.023159 0 16.311743 0.145319 -1.525693 0.118051 0.056784 0.030570 0.024951
0.015177 0 14.780119 0.154751 0.222279 0.188960 -0.064700 0.031411 0.015664
0.049902 0 17.075749 0.139079 0.749336 0.121246 -0.038395 0.028157 0.048984
0.022719 0 16.021035 0.149213 -1.090886 0.131289 0.074389 0.035806 0.022399
0.036000 0 16.664677 0.141007 -0.027789 0.133676 -0.010328 0.027850 0.034854
0.016672 0 15.351431 0.153258 0.823253 0.269504 0.164560 0.028510 0.016966
0.029590 0 16.647115 0.142617 0.659180 0.128330 0.064364 0.029154 0.030721
0.030800 0 16.849731 0.141700 -0.334473 0.175879 -0.030644 0.026018 0.030482
0.010120 0 14.449314 0.173090 0.791332 0.187870 0.118415 0.030547 0.010550
0.013539 0 15.128363 0.156400 -1.717814 0.088125 0.026015 0.024684 0.014256
0.027132 0 16.076604 0.143171 -0.108805 0.127084 0.039115 0.030071 0.027688
0.054224 0 17.557966 0.140685 -1.597381 0.283786 -0.118312 0.029980 0.053860
0.017742 0 14.836398 0.150611 -1.170669 0.118180 -0.081454 0.025296 0.017672
0.017572 0 15.122099 0.150702 -0.177036 0.117393 0.000164 0.025212 0.017450
0.014443 0 14.726182 0.153276 1.178646 0.043852 -0.083725 0.023186 0.015573
0.009500 0 14.148421 0.174566 0.202688 0.068440 0.048593 0.025981 0.010060
0.053900 0 17.892389 0.143919 0.257979 0.347778 -0.020237 0.036950 0.054931
0.038000 0 16.773853 0.139901 2.021537 0.126933 -0.049334 0.027310 0.039083
0.077000 0 18.420978 0.138307 0.600680 0.224695 -0.054961 0.032081 0.078317
0.031328 0 16.789918 0.140686 -1.609961 0.074743 -0.006560 0.024078 0.031764
0.014960 0 14.843842 0.157099 -0.014266 0.207970 0.049854 0.038269 0.014440
0.014327 0 14.381711 0.158393 0.869173 0.037782 0.026883 0.023491 0.013533
0.026745 0 16.034919 0.142999 1.779223 0.121179 -0.005868 0.035198 0.026677
0.023616 0 15.581359 0.144317 0.478183 0.082651 -0.097120 0.023886 0.023360
0.036425 0 17.077342 0.140956 -0.639110 0.113858 -0.028384 0.026220 0.036934
0.023493 0 16.554284 0.144309 -2.506817 0.154559 0.087476 0.025623 0.023552
0.017442 0 15.364415 0.150122 -2.112751 0.105960 -0.026834 0.025355 0.017483
0.040695 0 16.947362 0.142119 1.203835 0.445484 -0.061247 0.024084 0.040259
0.029420 0 16.215141 0.142175 0.143493 0.101153 -0.123778 0.040276 0.030381
0.015501 0 14.711780 0.153374 0.549047 0.082741 -0.032776 0.021691 0.015504
0.014640 0 15.283561 0.157186 -0.865299 0.069400 0.163098 0.026535 0.014151
0.015500 0 15.285545 0.153742 -0.548801 0.040024 0.129471 0.024043 0.015487
0.015380 0 15.047556 0.153417 0.167214 0.068755 0.040909 0.024195 0.015554
0.037036 0 16.620416 0.139296 1.743056 0.134670 -0.036585 0.022576 0.037075
0.015871 0 15.080250 0.154168 -0.916368 0.069293 0.001671 0.023350 0.015482
0.013012 0 14.882717 0.158624 -0.925188 0.057481 0.047286 0.021409 0.013324
0.013539 0 14.661390 0.155333 0.737970 0.094544 -0.066355 0.022359 0.014575
0.015018 0 14.557266 0.152742 0.916702 0.078089 -0.038383 0.021961 0.015791
0.024396 0 16.341106 0.147523 -0.791998 0.133954 0.148436 0.025465 0.024746
0.028116 0 16.657319 0.141846 0.541542 0.319146 0.097210 0.022722 0.027748
0.011638 0 14.557203 0.169021 -0.316464 0.184325 0.054095 0.023005 0.010888
0.014046 0 14.685508 0.157774 -1.295292 0.070581 -0.092539 0.022754 0.013652
0.035001 0 16.778327 0.142258 -0.961981 0.474241 0.000350 0.024307 0.035755
0.024564 0 16.238326 0.145176 -1.737840 0.167114 -0.048509 0.025225 0.024725
0.038000 0 16.644355 0.138952 0.514933 0.089255 -0.090391 0.021085 0.038086
0.021000 0 15.747200 0.145405 0.977375 0.103933 -0.035146 0.021727 0.021541
0.019300 0 15.660096 0.147459 -0.973825 0.075906 -0.054622 0.022452 0.019581
0.030000 0 16.684369 0.140939 -1.232770 0.146937 -0.041780 0.022883 0.030416
0.039361 0 16.699328 0.138984 1.530311 0.093951 -0.062088 0.021704 0.039219
0.034307 0 16.971121 0.140126 -2.039104 0.186512 -0.088580 0.026359 0.034971
0.028341 0 16.482973 0.142690 -2.090370 0.294372 -0.032596 0.026589 0.028561
0.020071 0 15.875946 0.145587 0.072990 0.061371 0.102214 0.021445 0.020997
0.031021 0 17.000951 0.140430 0.398948 0.136348 0.073203 0.022522 0.032538
0.015701 0 15.064971 0.153515 -1.166690 0.033491 0.041704 0.023271 0.015469
0.015800 0 14.683230 0.151905 0.097384 0.017738 -0.133126 0.018003 0.015678
0.026700 0 17.152881 0.140928 -1.806035 0.031362 0.127063 0.019477 0.027499
0.045900 0 17.452691 0.137271 1.333884 0.058312 0.078323 0.019538 0.046856
0.032309 0 17.370053 0.143111 -0.986549 0.238950 0.172665 0.029109 0.033173
0.009370 0 14.157498 0.173593 -0.117402 0.082511 0.022258 0.024846 0.010291
0.079400 0 18.471039 0.136253 0.213846 0.047893 -0.037391 0.023085 0.080103
0.012400 0 14.875843 0.161450 -1.180547 0.028436 -0.091481 0.018963 0.012317
0.023100 0 15.865712 0.142334 0.396794 0.056067 -0.032789 0.018761 0.024586
0.013900 0 15.638553 0.154784 -1.162690 0.108102 0.205443 0.019987 0.014467
0.014910 0 14.834769 0.153758 -1.282032 0.031880 -0.129815 0.021500 0.015154
0.028977 0 16.284531 0.141059 1.425425 0.076807 -0.024106 0.021612 0.029086
0.034897 0 16.450122 0.141596 0.940829 0.095488 -0.086743 0.029831 0.034781
0.045890 0 17.322622 0.111373 0.739791 0.025725 -0.028258 0.011882 0.044920
0.034044 0 16.764211 0.138969 -1.071301 0.040710 -0.112559 0.019262 0.034074
0.076000 0 18.411792 0.110074 0.684284 0.052576 -0.013661 0.014317 0.074870
0.015120 0 15.489034 0.153548 -0.697978 0.034823 0.148376 0.019318 0.014960
0.019607 0 15.541531 0.145393 -1.388082 0.030341 -0.096978 0.019542 0.020396
0.040998 0 17.617164 0.139014 -1.244258 0.122040 0.069449 0.022872 0.040689
0.025204 0 16.161470 0.142099 0.424016 0.069517 -0.034323 0.021128 0.026567
0.026322 0 15.922518 0.141195 -0.449135 0.028448 -0.117667 0.019170 0.026881
0.023106 0 16.158253 0.143695 -0.858068 0.062060 0.024221 0.021170 0.023471
0.067850 0 18.394173 0.145157 -1.408648 0.272816 -0.119809 0.035621 0.069122
0.064001 0 18.095053 0.139912 0.645720 0.208600 -0.044607 0.028883 0.065193
0.022539 0 16.454585 0.145076 -1.043223 0.216571 0.082429 0.027419 0.022980
0.016738 0 14.998450 0.148936 0.153020 0.019140 -0.104973 0.018055 0.017387
0.030935 0 16.462073 0.140346 -1.343413 0.042176 -0.117484 0.021579 0.031485
0.010900 0 14.342973 0.166533 -1.648794 0.032216 -0.083155 0.019407 0.011184
0.021905 0 16.206993 0.145024 -1.517685 0.066233 0.049212 0.021474 0.021956
0.032156 0 16.911564 0.140272 0.265652 0.070945 0.062851 0.021271 0.031484
0.022289 0 16.024534 0.144025 0.353158 0.074526 0.096579 0.022058 0.023321
0.020267 0 15.743711 0.147727 -1.005031 0.077047 -0.031248 0.028040 0.020390
0.022172 0 15.970889 0.145994 0.936399 0.151537 0.121702 0.029031 0.022466
0.034597 0 16.968737 0.139809 0.878787 0.067830 0.074036 0.021572 0.033614
0.037002 0 17.409901 0.141722 -2.128216 0.109104 0.007758 0.030362 0.036969
0.023016 0 15.990616 0.145184 0.941186 0.149069 0.003404 0.027021 0.022629
0.014277 0 15.058086 0.155008 -1.897040 0.060593 -0.079058 0.022058 0.014700
0.038090 0 18.130272 0.114021 -2.862959 0.215797 0.228810 0.020260 0.036950
0.062550 0 17.836262 0.110930 0.908837 0.153430 -0.041039 0.016125 0.060959
0.059160 0 18.195512 0.111086 -2.365543 0.117956 -0.044476 0.017831 0.059289
0.071900 0 18.412215 0.111409 0.548467 0.212851 0.078950 0.021291 0.069751
0.029704 0 16.835065 0.142005 0.466840 0.060423 0.165800 0.027182 0.029526
0.032102 0 16.841219 0.139885 0.970796 0.066637 0.020955 0.021663 0.033255
0.024140 0 16.150168 0.143380 -1.290353 0.113941 -0.001752 0.022502 0.024159
0.015878 0 15.719765 0.153171 -1.321070 0.107517 0.090393 0.027021 0.015999
0.064388 0 17.798492 0.140212 1.849266 0.292740 -0.009638 0.031145 0.062961
0.020771 0 15.902190 0.146331 -1.223772 0.080538 -0.014061 0.028612 0.021706
0.031018 0 16.580940 0.141210 -1.380962 0.064413 -0.047773 0.026743 0.031638
0.018126 0 15.893310 0.149282 -2.724319 0.099408 0.026802 0.028331 0.018599
0.026962 0 16.504006 0.141685 -0.137806 0.061153 0.105288 0.020382 0.027064
0.025918 0 15.797848 0.143429 -0.657941 0.115645 -0.060805 0.025820 0.025468
0.023590 0 15.895501 0.144315 0.618766 0.041400 -0.055411 0.026006 0.023810
0.024000 0 16.068268 0.144350 0.760605 0.045650 0.052186 0.026200 0.023867
0.021275 0 15.718540 0.144685 0.430639 0.068523 -0.038367 0.021262 0.022068
